{
 "cells": [
  {
   "cell_type": "code",
   "execution_count": 109,
   "id": "367f9fa6",
   "metadata": {},
   "outputs": [],
   "source": [
    "import cv2\n",
    "import numpy as np\n",
    "import joblib\n",
    "\n"
   ]
  },
  {
   "cell_type": "code",
   "execution_count": 110,
   "id": "3696b772",
   "metadata": {},
   "outputs": [
    {
     "name": "stdout",
     "output_type": "stream",
     "text": [
      "[1, 4, 5, 6, 10, 12, 13, 19, 20]\n"
     ]
    }
   ],
   "source": [
    "not_detect_imgs = []\n",
    "corners_dict = {}\n",
    "for idx in range(1,26): # testing to see which images can't be detected\n",
    "    img = cv2.imread(f\"img{idx}.jpg\")\n",
    "    img = np.uint8(img)\n",
    "    gray_scaled_img = cv2.cvtColor(img, cv2.COLOR_HSV2BGR)\n",
    "\n",
    "    ans, corners= cv2.findChessboardCorners(gray_scaled_img, patternSize= (9,6))\n",
    "    if ans is False:\n",
    "        not_detect_imgs.append(idx)\n",
    "    else:\n",
    "        corners_dict[idx] = corners\n",
    "    #print(len(corners))\n",
    "    \n",
    "    \n",
    "    #print(corners)\n",
    "    # x = corners[0][0]\n",
    "    # y = corners[0][1]\n",
    "    # print(f\"x: {x}, y: {y}\")\n",
    "    # print(\"ans\", ans)\n",
    "    # print('corner:', corners)\n",
    "    # print('------------')\n",
    "\n",
    "# print(not_detect_imgs)\n",
    "# print(corners_dict)\n",
    "\n",
    "print(not_detect_imgs)"
   ]
  },
  {
   "cell_type": "code",
   "execution_count": 111,
   "id": "1dd9c4e1",
   "metadata": {},
   "outputs": [
    {
     "name": "stdout",
     "output_type": "stream",
     "text": [
      "544.97595 316.93356\n",
      "(544, 316)\n",
      "610.4357 336.41296\n",
      "(610, 336)\n",
      "602.717 356.7525\n",
      "(602, 356)\n",
      "627.7335 378.20477\n",
      "(627, 378)\n",
      "608.5 427.0\n",
      "(608, 427)\n",
      "601.5 171.5\n",
      "(601, 171)\n",
      "551.50494 238.26869\n",
      "(551, 238)\n",
      "558.17255 157.28372\n",
      "(558, 157)\n",
      "704.89825 227.15437\n",
      "(704, 227)\n",
      "703.5418 299.07608\n",
      "(703, 299)\n",
      "610.5784 289.06122\n",
      "(610, 289)\n",
      "551.0498 374.34402\n",
      "(551, 374)\n",
      "555.0785 355.52313\n",
      "(555, 355)\n",
      "519.7551 392.36423\n",
      "(519, 392)\n",
      "637.2728 403.72522\n",
      "(637, 403)\n",
      "641.91614 278.5898\n",
      "(641, 278)\n"
     ]
    }
   ],
   "source": [
    "\n",
    "for corners in corners_dict.values():\n",
    "    for coords in corners: #2621. 2016.5\n",
    "        #print(i[0])\n",
    "        x = coords[0][0]\n",
    "        y = coords[0][1]\n",
    "        print(x,y)\n",
    "        center = (int(x), int(y))\n",
    "        print(center)\n",
    "        break"
   ]
  },
  {
   "cell_type": "code",
   "execution_count": 112,
   "id": "39a30f91",
   "metadata": {},
   "outputs": [
    {
     "name": "stdout",
     "output_type": "stream",
     "text": [
      "54\n",
      "54\n",
      "54\n",
      "54\n",
      "54\n",
      "54\n",
      "54\n",
      "54\n",
      "54\n",
      "54\n",
      "54\n",
      "54\n",
      "54\n",
      "54\n",
      "54\n",
      "54\n"
     ]
    }
   ],
   "source": [
    "for i in corners_dict.values(): # checking amount of corners in img2\n",
    "    print(len(i))"
   ]
  },
  {
   "cell_type": "code",
   "execution_count": 113,
   "id": "c47228ce",
   "metadata": {},
   "outputs": [],
   "source": [
    "\n",
    "# square_size = 0.02 #2 cm\n",
    "# obj_pts = np.zeros((9*6, 3), np.float32)\n",
    "# obj_pts[:, :2] = np.mgrid[0:9, 0:6].T.reshape(-1, 2) * square_size\n",
    "\n",
    "\n",
    "# all_obj_pts = []\n",
    "# all_img_pts = []\n",
    "\n",
    "# auto_only_imgs = []\n",
    "\n",
    "# manual_only_imgs = []\n",
    "\n",
    "# def click_event(event, x, y, flags, param):\n",
    "#     current_img = param['img']\n",
    "#     current_name = param['name']\n",
    "#     if event == cv2.EVENT_LBUTTONDBLCLK:\n",
    "#         print(x,y) # coordinate\n",
    "#         font = cv2.FONT_HERSHEY_SIMPLEX\n",
    "#         cv2.putText(current_img, f'{x}, {y}', (x,y), font, 1, (255,0,0), 2)\n",
    "#         cv2.imshow(window_name, current_img)\n",
    "#         param['point'].append([x,y])\n",
    "    \n",
    "#     if event == cv2.EVENT_RBUTTONDBLCLK:\n",
    "#         print(x,y)\n",
    "#         font = cv2.FONT_HERSHEY_SIMPLEX\n",
    "#         b,g,r = current_img[y,x] \n",
    "#         cv2.putText(img,f'{b}, {g}, {r}', (x,y), font, 1, (255, 255,0), 2)\n",
    "#         cv2.imshow(window_name, current_img)\n",
    "#         #points += [x,y]\n",
    "\n",
    "#     print(f\"Manual Points: {param['point']}\")\n",
    "\n",
    "\n",
    "\n",
    "# # linear interpolation\n",
    "# def linear_interpolation(pts, pattern_size):\n",
    "#     tl, tr, br, bl = np.array(pts[0],dtype = 'float32'),  np.array(pts[1],dtype = 'float32'), np.array(pts[2],dtype = 'float32'), np.array(pts[3],dtype = 'float32')\n",
    "#     #print(type(tl))\n",
    "#     cols, rows = pattern_size\n",
    "#     print(cols)\n",
    "#     grid = []\n",
    "#     for row in range(rows):\n",
    "#         ver_int = row / (rows - 1)\n",
    "#         row_start = (1 - ver_int) * tl + ver_int * bl\n",
    "#         row_end = (1 - ver_int)*  tr + ver_int * br\n",
    "        \n",
    "#         for col in range(cols):\n",
    "#             hor_int = col / (cols -1)\n",
    "#             point = (1 - hor_int) * row_start + hor_int * row_end\n",
    "#             grid.append(point)\n",
    "#     return np.array(grid, dtype= 'float32').reshape(-1, 1, 2)\n",
    "\n",
    "# pattern_size = (9,6)\n",
    "\n",
    "# window_name = 'chessboard_tool'\n",
    "# all_result = {}\n",
    "# # read input image\n",
    "# for idx in range(1,26):\n",
    "\n",
    "#     img = cv2.imread(f'img{idx}.jpg')\n",
    "\n",
    "# # convert the input image to a grayscale\n",
    "#     gray = cv2.cvtColor(img,cv2.COLOR_BGR2GRAY)\n",
    "\n",
    "#     # Find the chess board corners\n",
    "#     ret, corners = cv2.findChessboardCorners(gray, (9,6),None)\n",
    "#     print(corners)\n",
    "#     # if chessboard corners are detected\n",
    "#     if ret == True:\n",
    "    \n",
    "#         # Draw and display the corners\n",
    "#         img = cv2.drawChessboardCorners(img, (9,6), corners,ret)\n",
    "#         all_img_pts.append(corners)\n",
    "#         auto_only_imgs.append(corners)\n",
    "#         all_obj_pts.append(obj_pts)\n",
    "\n",
    "#         cv2.imshow(window_name,img)\n",
    "#         cv2.waitKey(0)\n",
    "\n",
    "#     elif ret == False:\n",
    "#         # clicking (TL -> TR -> BR -> BL)\n",
    "#         manual_pts = []\n",
    "#         cv2.imshow(window_name, img)\n",
    "#         cv2.setMouseCallback(window_name, click_event, param= {'img': img, 'name': f'Image{idx},', 'point':manual_pts})\n",
    "#         cv2.waitKey(0)\n",
    "\n",
    "#         if len(manual_pts) == 4:\n",
    "#             interpolated_corners = linear_interpolation(manual_pts, (9,6))\n",
    "#             all_img_pts.append(interpolated_corners)\n",
    "#             manual_only_imgs.append(interpolated_corners)\n",
    "#             all_obj_pts.append(obj_pts)\n",
    "\n",
    "#             img_vis = img.copy()\n",
    "#             cv2.drawChessboardCorners(img_vis, (9,6), interpolated_corners, True)\n",
    "#             cv2.imshow(window_name, img_vis)\n",
    "#             print(\"Showing interpolated grid. Press any key to continue to next image.\")\n",
    "#             cv2.waitKey(0) # Wait again so you can actually see the result\n",
    "        \n",
    "#         else:\n",
    "#             print(f\"Warning: Only {len(manual_pts)} points clicked. Skipping image {idx}.\")\n",
    "    \n",
    "# cv2.destroyWindow(window_name)\n",
    "\n"
   ]
  },
  {
   "cell_type": "code",
   "execution_count": 114,
   "id": "9eefb53b",
   "metadata": {},
   "outputs": [],
   "source": [
    "square_size = 0.02 #2 cm\n",
    "obj_pts = np.zeros((9*6, 3), np.float32) # create a \n",
    "obj_pts[:, :2] = np.mgrid[0:9, 0:6].T.reshape(-1, 2) * square_size\n",
    "gray = cv2.cvtColor(img,cv2.COLOR_BGR2GRAY)"
   ]
  },
  {
   "cell_type": "code",
   "execution_count": 115,
   "id": "1319d8e4",
   "metadata": {},
   "outputs": [],
   "source": [
    "# # save the result\n",
    "# all_obj_pts = joblib.dump(all_obj_pts, 'obj_points.joblib')\n",
    "# all_img_pts = joblib.dump(all_img_pts, 'img_points.joblib')\n",
    "# auto_only_imgs = joblib.dump(auto_only_imgs, 'auto_points.joblib')\n",
    "# manual_only_imgs = joblib.dump(manual_only_imgs, 'manual_points.joblib')\n"
   ]
  },
  {
   "cell_type": "code",
   "execution_count": 116,
   "id": "bf71b992",
   "metadata": {},
   "outputs": [
    {
     "name": "stdout",
     "output_type": "stream",
     "text": [
      "25\n"
     ]
    }
   ],
   "source": [
    "#print(manual_only_imgs)\n",
    "\n",
    "all_obj_pts = joblib.load('obj_points.joblib')\n",
    "all_img_pts = joblib.load('img_points.joblib')\n",
    "auto_only_imgs = joblib.load('auto_points.joblib')\n",
    "manual_only_imgs = joblib.load('manual_points.joblib')\n",
    "\n",
    "print(len(all_obj_pts))\n",
    "\n",
    "def calibrate(object_list, img_list, gray_img):\n",
    "\n",
    "    ret, matrix, distort, rvecs, tvec = cv2.calibrateCamera(object_list, img_list, gray_img, None, None, flags = 0)\n",
    "\n",
    "    return ret, matrix, distort, rvecs, tvec\n",
    "\n",
    "#Run 1: All Images\n",
    "object_list_run1 = [obj_pts] * len(all_img_pts)\n",
    "ret1, matrix1, distort1, rvecs1, tvec1 = calibrate(object_list_run1, all_img_pts, gray.shape[::-1] )\n",
    "\n",
    "#Run 2: Only Five images each\n",
    "run2_imgs = auto_only_imgs[:5] + manual_only_imgs[:5]\n",
    "\n",
    "object_10 = [obj_pts]*10\n",
    "\n",
    "ret2, matrix2, distort2, rvecs2, tvec2 = calibrate(object_10, run2_imgs, gray.shape[::-1] )\n",
    "\n",
    "#Run 3: Automatic 5 images\n",
    "\n",
    "run3_imgs = auto_only_imgs[:5] \n",
    "\n",
    "object_5_3 = [obj_pts]*5\n",
    "\n",
    "ret3, matrix3, distort3, rvecs3, tvec3 = calibrate(object_5_3, run3_imgs, gray.shape[::-1] )\n",
    "\n",
    "\n",
    "#rt_total = [(rvecs1, tvec1, 'Run 1'), (rvecs2, tvec2, 'Run2'), (rvecs3, tvec3, 'Run 3')]\n",
    "runs = [(matrix1, distort1, \"Run 1\"), (matrix2, distort2, \"Run 2\"), (matrix3, distort3, \"Run 3\")]"
   ]
  },
  {
   "cell_type": "code",
   "execution_count": 125,
   "id": "2472d79b",
   "metadata": {},
   "outputs": [
    {
     "name": "stdout",
     "output_type": "stream",
     "text": [
      "[[[ 66  42  52]\n",
      "  [ 68  47  56]\n",
      "  [ 68  47  56]\n",
      "  ...\n",
      "  [255 232 214]\n",
      "  [255 233 215]\n",
      "  [255 234 216]]\n",
      "\n",
      " [[ 64  43  52]\n",
      "  [ 68  47  56]\n",
      "  [ 67  46  55]\n",
      "  ...\n",
      "  [255 232 214]\n",
      "  [255 233 215]\n",
      "  [255 234 216]]\n",
      "\n",
      " [[ 65  44  53]\n",
      "  [ 68  47  56]\n",
      "  [ 67  45  57]\n",
      "  ...\n",
      "  [255 231 211]\n",
      "  [255 232 212]\n",
      "  [255 233 213]]\n",
      "\n",
      " ...\n",
      "\n",
      " [[ 67  49  62]\n",
      "  [ 63  46  59]\n",
      "  [ 61  44  58]\n",
      "  ...\n",
      "  [142 134 134]\n",
      "  [143 135 135]\n",
      "  [144 136 136]]\n",
      "\n",
      " [[ 66  48  61]\n",
      "  [ 64  45  60]\n",
      "  [ 61  44  58]\n",
      "  ...\n",
      "  [142 134 134]\n",
      "  [143 135 135]\n",
      "  [144 136 136]]\n",
      "\n",
      " [[ 64  45  60]\n",
      "  [ 63  44  59]\n",
      "  [ 62  45  59]\n",
      "  ...\n",
      "  [142 134 134]\n",
      "  [144 136 136]\n",
      "  [144 136 136]]]\n",
      "Rogrigeus [[ 0.09204888 -0.99154024  0.09151482]\n",
      " [ 0.80474569  0.0199504  -0.59328438]\n",
      " [ 0.58643957  0.12825732  0.79977415]]\n",
      "[[[ 66  42  52]\n",
      "  [ 68  47  56]\n",
      "  [ 68  47  56]\n",
      "  ...\n",
      "  [255 232 214]\n",
      "  [255 233 215]\n",
      "  [255 234 216]]\n",
      "\n",
      " [[ 64  43  52]\n",
      "  [ 68  47  56]\n",
      "  [ 67  46  55]\n",
      "  ...\n",
      "  [255 232 214]\n",
      "  [255 233 215]\n",
      "  [255 234 216]]\n",
      "\n",
      " [[ 65  44  53]\n",
      "  [ 68  47  56]\n",
      "  [ 67  45  57]\n",
      "  ...\n",
      "  [255 231 211]\n",
      "  [255 232 212]\n",
      "  [255 233 213]]\n",
      "\n",
      " ...\n",
      "\n",
      " [[ 67  49  62]\n",
      "  [ 63  46  59]\n",
      "  [ 61  44  58]\n",
      "  ...\n",
      "  [142 134 134]\n",
      "  [143 135 135]\n",
      "  [144 136 136]]\n",
      "\n",
      " [[ 66  48  61]\n",
      "  [ 64  45  60]\n",
      "  [ 61  44  58]\n",
      "  ...\n",
      "  [142 134 134]\n",
      "  [143 135 135]\n",
      "  [144 136 136]]\n",
      "\n",
      " [[ 64  45  60]\n",
      "  [ 63  44  59]\n",
      "  [ 62  45  59]\n",
      "  ...\n",
      "  [142 134 134]\n",
      "  [144 136 136]\n",
      "  [144 136 136]]]\n",
      "Rogrigeus [[ 0.11600743 -0.97698355  0.17901235]\n",
      " [ 0.8955205   0.02492153 -0.44432191]\n",
      " [ 0.42963393  0.21185387  0.87779988]]\n",
      "[[[ 66  42  52]\n",
      "  [ 68  47  56]\n",
      "  [ 68  47  56]\n",
      "  ...\n",
      "  [255 232 214]\n",
      "  [255 233 215]\n",
      "  [255 234 216]]\n",
      "\n",
      " [[ 64  43  52]\n",
      "  [ 68  47  56]\n",
      "  [ 67  46  55]\n",
      "  ...\n",
      "  [255 232 214]\n",
      "  [255 233 215]\n",
      "  [255 234 216]]\n",
      "\n",
      " [[ 65  44  53]\n",
      "  [ 68  47  56]\n",
      "  [ 67  45  57]\n",
      "  ...\n",
      "  [255 231 211]\n",
      "  [255 232 212]\n",
      "  [255 233 213]]\n",
      "\n",
      " ...\n",
      "\n",
      " [[ 67  49  62]\n",
      "  [ 63  46  59]\n",
      "  [ 61  44  58]\n",
      "  ...\n",
      "  [142 134 134]\n",
      "  [143 135 135]\n",
      "  [144 136 136]]\n",
      "\n",
      " [[ 66  48  61]\n",
      "  [ 64  45  60]\n",
      "  [ 61  44  58]\n",
      "  ...\n",
      "  [142 134 134]\n",
      "  [143 135 135]\n",
      "  [144 136 136]]\n",
      "\n",
      " [[ 64  45  60]\n",
      "  [ 63  44  59]\n",
      "  [ 62  45  59]\n",
      "  ...\n",
      "  [142 134 134]\n",
      "  [144 136 136]\n",
      "  [144 136 136]]]\n",
      "Rogrigeus [[ 0.08623307 -0.99394803  0.06805268]\n",
      " [ 0.75053699  0.01989072 -0.66052902]\n",
      " [ 0.6551779   0.1080355   0.74771   ]]\n"
     ]
    }
   ],
   "source": [
    "axis = np.float32([[0.06, 0 ,0], [0, 0.06, 0], [0, 0,-0.06]]).reshape(-1,3)\n",
    "#print(rt_total)\n",
    "#cube: 8 corners\n",
    "\n",
    "s = 0.02\n",
    "\n",
    "cube_points = np.float32([[0,0,0], [s,0,0], [s,s,0], [0,s,0], [0,0,-s], [s,0,-s], [s,s,-s], [0,s,-s]])\n",
    "\n",
    "for matrix, distort, label in runs:\n",
    "    test_img = cv2.imread('test3.jpg')\n",
    "    print(test_img)\n",
    "    test_gray = cv2.cvtColor(test_img, cv2.COLOR_BGR2GRAY)\n",
    "    \n",
    "    ret_test, test_corners = cv2.findChessboardCorners(test_gray, (9,6), None)\n",
    "    origin_pixel = tuple(test_corners[0].ravel().astype(int))\n",
    "\n",
    "    ret, rvec, tvec= cv2.solvePnP(obj_pts, test_corners, matrix, distort)\n",
    "\n",
    "    #We want to project the axis onto image\n",
    "    imgpoints_axis, _ = cv2.projectPoints(axis, rvec, tvec, matrix, distort)\n",
    "\n",
    "    imgpoints_cube, _ = cv2.projectPoints(cube_points, rvec, tvec, matrix, distort)\n",
    "    #print('imgpoints_cube:', imgpoints_cube)\n",
    "    # Convert projected points to integers for drawing\n",
    "    axis_pix = imgpoints_axis.reshape(-1, 2).astype(int)\n",
    "    cube_pix = imgpoints_cube.reshape(-1, 2).astype(int)\n",
    "    #print('cube_pix:', cube_pix)\n",
    "\n",
    "\n",
    "    # create polygon\n",
    "    R, _ = cv2.Rodrigues(rvec) #convert rvec into rMatrix return(Rotation_matrix, Jaccobian)\n",
    "    print(f'Rogrigeus', R) # R determines how the chesboard is rotated relative to camera\n",
    "    top_center_3d = np.float32([[s/2, s/2, -s]]) #3d coord\n",
    "\n",
    "    center_pt,_ = cv2.projectPoints(top_center_3d, rvec, tvec, matrix, distort)\n",
    "    \n",
    "    center_pixel = tuple(center_pt.reshape(-1,2)[0].ravel().astype(int))\n",
    "    \n",
    "    cam_pt = np.dot(R, top_center_3d.T) + tvec\n",
    "\n",
    "    cam_distance = np.linalg.norm(cam_pt)\n",
    "\n",
    "    #color intensity(V value)\n",
    "    col_intes = 255 - ((min(cam_distance, 4) /4) * 255 )\n",
    "    \n",
    "    # orientation tilt (H value)\n",
    "    theta_rad = np.arccos(abs(R[2, 2])) * (180 / np.pi) # angles \n",
    "    rot_intes = 179 - (min(theta_rad, 45)/45) * 179\n",
    "\n",
    "    # saturation \n",
    "    satur = 255\n",
    "\n",
    "    # convert HSV to BGR\n",
    "    small_array = np.array([[[rot_intes, satur, col_intes]]], dtype= np.uint8)\n",
    "    bgr_col = cv2.cvtColor(small_array, cv2.COLOR_HSV2BGR)\n",
    "    b_val = int(bgr_col[0][0][0])\n",
    "    g_val = int(bgr_col[0][0][1])\n",
    "    r_val = int(bgr_col[0][0][2])\n",
    "\n",
    "    \n",
    "    top_plane_pts = cube_pix[4:8]\n",
    "    #print(3, top_plane_pts)\n",
    "    #print(top_plane_pts)\n",
    "    cv2.fillConvexPoly(img = test_img, points= top_plane_pts, color = (b_val, g_val,  r_val))\n",
    "    \n",
    "    # print(f'center_pixel: {center_pixel}')\n",
    "    # print(f'top center point of the polygon is: {center_pt}')\n",
    "    cv2.circle(test_img, center_pixel, 5, (0,0,255), 1)\n",
    "    \n",
    "    \n",
    "    # print(f'cam_pt:{cam_pt}')\n",
    "    # print(f'cam_distance: {cam_distance}')\n",
    "\n",
    "\n",
    "    # Draw 3 axies\n",
    "    x_pt = tuple(axis_pix[0])\n",
    "    cv2.line(test_img, origin_pixel, tuple(axis_pix[0]), (0, 0, 255 ), 5) # x axis\n",
    "    cv2.putText(test_img, f'X', (x_pt[0]+10, x_pt[1]),  cv2.FONT_HERSHEY_SIMPLEX, 1, (0,0,255), 2)\n",
    "\n",
    "    y_pt = tuple(axis_pix[1])\n",
    "    cv2.line(test_img, origin_pixel, tuple(axis_pix[1]), (0, 255, 0), 5) #y \n",
    "    cv2.putText(test_img, f'Y', (y_pt[0]+10, y_pt[1]),  cv2.FONT_HERSHEY_SIMPLEX, 1, (0,255,0), 2)\n",
    "\n",
    "    z_pt = tuple(axis_pix[2])\n",
    "    cv2.line(test_img, origin_pixel, tuple(axis_pix[2]), (255, 0, 0), 5)#z\n",
    "    cv2.putText(test_img, f'Z', (z_pt[0]+10, z_pt[1]),  cv2.FONT_HERSHEY_SIMPLEX, 1, (255,0,0), 2)\n",
    "\n",
    "    \n",
    "    #  pillars of the cube\n",
    "    cv2.line(test_img, tuple(cube_pix[0]), tuple(cube_pix[4]), (0, 0, 0), 2) \n",
    "    cv2.line(test_img, tuple(cube_pix[1]), tuple(cube_pix[5]), (0, 0, 0), 2)\n",
    "    cv2.line(test_img, tuple(cube_pix[2]), tuple(cube_pix[6]), (0, 0, 0), 2)\n",
    "    cv2.line(test_img, tuple(cube_pix[3]), tuple(cube_pix[7]), (0, 0, 0), 2)\n",
    "\n",
    "    #connect the corners\n",
    "    cv2.polylines(test_img, [cube_pix[0:4]], True, (0, 0, 0), 2)\n",
    "    cv2.polylines(test_img, [cube_pix[4:8]], True, (0, 0, 0), 2)\n",
    "\n",
    "    # use circle to represent the center of pixel\n",
    "    cv2.circle(test_img, center_pixel, 5, (0, 0, 255), -1) \n",
    "    cv2.putText(test_img, f\"{cam_distance:.2f}m\", center_pixel, cv2.FONT_HERSHEY_SIMPLEX, 0.6, (255, 255, 255), 2)\n",
    "\n",
    "\n",
    "\n",
    "    cv2.imshow(f'chessboard_window: {label}', test_img)\n",
    "    cv2.waitKey(0)\n",
    "    cv2.destroyWindow(f'chessboard_window: {label}')"
   ]
  },
  {
   "cell_type": "markdown",
   "id": "6a2f4dca",
   "metadata": {},
   "source": [
    "Draw a polygon that covers the top side of the cube (check the fillConvexPoly function). Place a dot in the center of the top plane and add a text that shows the distance of this point to the camera, in meters. The color of the top side polygon should change with the postion and orientation of the center of the top plane, relative to the camera. Use only 3D-coordinates and extrinsics."
   ]
  },
  {
   "cell_type": "markdown",
   "id": "939d0735",
   "metadata": {},
   "source": [
    "Choice 1"
   ]
  },
  {
   "cell_type": "code",
   "execution_count": 127,
   "id": "8dbe4639",
   "metadata": {},
   "outputs": [
    {
     "name": "stdout",
     "output_type": "stream",
     "text": [
      "Rogrigeus [[-0.29510429 -0.93711077  0.1863783 ]\n",
      " [ 0.71551472 -0.08747392  0.69309955]\n",
      " [-0.63320782  0.33789307  0.69633048]]\n",
      "cam_pt:[[-0.10436295]\n",
      " [-0.10768464]\n",
      " [ 0.48342917]]\n",
      "cam_distance: 0.5061534995282825\n",
      "Rogrigeus [[-0.27513126 -0.94395616  0.18234461]\n",
      " [ 0.72763323 -0.08048719  0.68122807]\n",
      " [-0.62837303  0.32010713  0.70899842]]\n",
      "cam_pt:[[-0.10146474]\n",
      " [-0.10663457]\n",
      " [ 0.48574932]]\n",
      "cam_distance: 0.5075612513101099\n",
      "Rogrigeus [[-0.25639468 -0.9502781   0.17672945]\n",
      " [ 0.73960514 -0.07516618  0.66883053]\n",
      " [-0.62229093  0.3021946   0.72210278]]\n",
      "cam_pt:[[-0.09867557]\n",
      " [-0.10582635]\n",
      " [ 0.48689695]]\n",
      "cam_distance: 0.5079416585354581\n",
      "Rogrigeus [[-0.23938001 -0.95477114  0.17637823]\n",
      " [ 0.75178628 -0.06730943  0.65596253]\n",
      " [-0.61442217  0.28962306  0.73389637]]\n",
      "cam_pt:[[-0.09663523]\n",
      " [-0.10510965]\n",
      " [ 0.48683589]]\n",
      "cam_distance: 0.5073416916033022\n",
      "Rogrigeus [[-0.23938001 -0.95477114  0.17637823]\n",
      " [ 0.75178628 -0.06730943  0.65596253]\n",
      " [-0.61442217  0.28962306  0.73389637]]\n",
      "cam_pt:[[-0.09663523]\n",
      " [-0.10510965]\n",
      " [ 0.48683589]]\n",
      "cam_distance: 0.5073416916033022\n",
      "Rogrigeus [[-0.22776983 -0.95583424  0.18574664]\n",
      " [ 0.76480437 -0.05754988  0.64168706]\n",
      " [-0.60265677  0.28821679  0.74413433]]\n",
      "cam_pt:[[-0.09554954]\n",
      " [-0.1044311 ]\n",
      " [ 0.48547729]]\n",
      "cam_distance: 0.505691378092488\n",
      "Rogrigeus [[-0.22485936 -0.95420309  0.19731886]\n",
      " [ 0.77598872 -0.05289065  0.62852532]\n",
      " [-0.58930448  0.29444701  0.75234379]]\n",
      "cam_pt:[[-0.09528653]\n",
      " [-0.10357188]\n",
      " [ 0.48362066]]\n",
      "cam_distance: 0.5036820386460471\n",
      "Rogrigeus [[-0.18645716 -0.96882974  0.16310324]\n",
      " [ 0.68458481 -0.00904547  0.72887709]\n",
      " [-0.70468246  0.24756236  0.66493271]]\n",
      "cam_pt:[[-0.08232485]\n",
      " [-0.10216157]\n",
      " [ 0.46439938]]\n",
      "cam_distance: 0.48257761266803356\n",
      "Rogrigeus [[-0.1845035  -0.96985478  0.15918591]\n",
      " [ 0.67558307 -0.00751487  0.73724558]\n",
      " [-0.71382489  0.2435677   0.65660399]]\n",
      "cam_pt:[[-0.08153056]\n",
      " [-0.10231059]\n",
      " [ 0.46376278]]\n",
      "cam_distance: 0.4818615995352449\n",
      "Rogrigeus [[-0.18432368 -0.97099804  0.15227474]\n",
      " [ 0.66905749 -0.01046568  0.74313696]\n",
      " [-0.71999087  0.23885829  0.65158259]]\n",
      "cam_pt:[[-0.08081563]\n",
      " [-0.10234376]\n",
      " [ 0.46343509]]\n",
      "cam_distance: 0.4814327490546408\n",
      "Rogrigeus [[-0.1862753  -0.97109965  0.14922122]\n",
      " [ 0.6642186  -0.01255759  0.74743291]\n",
      " [-0.72395798  0.2383438   0.64736162]]\n",
      "cam_pt:[[-0.08011859]\n",
      " [-0.10248497]\n",
      " [ 0.4630138 ]]\n",
      "cam_distance: 0.48094068323442973\n",
      "Rogrigeus [[-0.18695077 -0.97178052  0.14384728]\n",
      " [ 0.66009201 -0.0158192   0.75101817]\n",
      " [-0.72754927  0.23535586  0.64442197]]\n",
      "cam_pt:[[-0.07935899]\n",
      " [-0.10276654]\n",
      " [ 0.46316305]]\n",
      "cam_distance: 0.48101852052354394\n",
      "Rogrigeus [[-0.18412769 -0.97332805  0.13685577]\n",
      " [ 0.65303534 -0.01707915  0.75713483]\n",
      " [-0.73460319  0.22878114  0.63876236]]\n",
      "cam_pt:[[-0.07835186]\n",
      " [-0.10304919]\n",
      " [ 0.46352513]]\n",
      "cam_distance: 0.4812626055683043\n",
      "Rogrigeus [[-0.17827616 -0.97560955  0.12807663]\n",
      " [ 0.64439946 -0.01739179  0.76449124]\n",
      " [-0.74361747  0.21882307  0.63178281]]\n",
      "cam_pt:[[-0.07700718]\n",
      " [-0.10329756]\n",
      " [ 0.46363674]]\n",
      "cam_distance: 0.48120631144546416\n",
      "Rogrigeus [[-0.17189839 -0.97741245  0.12294653]\n",
      " [ 0.63697196 -0.01507521  0.77073956]\n",
      " [-0.75147699  0.21080238  0.62517572]]\n",
      "cam_pt:[[-0.07570196]\n",
      " [-0.10364586]\n",
      " [ 0.46316506]]\n",
      "cam_distance: 0.48061952067752256\n",
      "Rogrigeus [[-0.16636973 -0.97842299  0.12251353]\n",
      " [ 0.63285781 -0.01066928  0.77419453]\n",
      " [-0.75618259  0.20633618  0.62097767]]\n",
      "cam_pt:[[-0.07459952]\n",
      " [-0.10401183]\n",
      " [ 0.46242105]]\n",
      "cam_distance: 0.47980910744856814\n",
      "Rogrigeus [[-0.16257469 -0.97921943  0.12123855]\n",
      " [ 0.63570404 -0.0099765   0.77186841]\n",
      " [-0.754619    0.2025581   0.62411568]]\n",
      "cam_pt:[[-0.07355289]\n",
      " [-0.10428888]\n",
      " [ 0.46104253]]\n",
      "cam_distance: 0.47837894731310104\n",
      "Rogrigeus [[-0.15794406 -0.9799683   0.12130875]\n",
      " [ 0.64039772 -0.00814502  0.76800027]\n",
      " [-0.75162786  0.19898693  0.62885592]]\n",
      "cam_pt:[[-0.072974  ]\n",
      " [-0.1044153 ]\n",
      " [ 0.45975443]]\n",
      "cam_distance: 0.47707640044650257\n",
      "Rogrigeus [[-0.15548142 -0.98009168  0.12347397]\n",
      " [ 0.64643254 -0.00643259  0.76294403]\n",
      " [-0.74696084  0.19844122  0.6345633 ]]\n",
      "cam_pt:[[-0.07256403]\n",
      " [-0.10485051]\n",
      " [ 0.45880953]]\n",
      "cam_distance: 0.47619885744780455\n",
      "Rogrigeus [[-0.1526963  -0.98032854  0.12505912]\n",
      " [ 0.64996697 -0.00429329  0.75995033]\n",
      " [-0.74446409  0.1973259   0.63783674]]\n",
      "cam_pt:[[-0.07227416]\n",
      " [-0.10556389]\n",
      " [ 0.45837002]]\n",
      "cam_distance: 0.4758890297954948\n",
      "Rogrigeus [[-0.15020942 -0.98081405  0.12426151]\n",
      " [ 0.65108393 -0.00355294  0.75899743]\n",
      " [-0.74399385  0.19491324  0.63912595]]\n",
      "cam_pt:[[-0.07178055]\n",
      " [-0.10656721]\n",
      " [ 0.45844826]]\n",
      "cam_distance: 0.4761132426948815\n",
      "Rogrigeus [[-0.14716383 -0.9816764   0.12105472]\n",
      " [ 0.65164707 -0.00415366  0.75851094]\n",
      " [-0.74410947  0.19051033  0.64031782]]\n",
      "cam_pt:[[-0.07107598]\n",
      " [-0.10777418]\n",
      " [ 0.45860908]]\n",
      "cam_distance: 0.47643399599057734\n",
      "Rogrigeus [[-0.14334875 -0.98235813  0.1200985 ]\n",
      " [ 0.6519667  -0.00243768  0.75824368]\n",
      " [-0.74457408  0.18699351  0.64081422]]\n",
      "cam_pt:[[-0.07037428]\n",
      " [-0.1092962 ]\n",
      " [ 0.45889264]]\n",
      "cam_distance: 0.4769493157343707\n",
      "Rogrigeus [[-0.13908096 -0.98271029  0.12221689]\n",
      " [ 0.65383808  0.00156393  0.75663288]\n",
      " [-0.74374206  0.18514328  0.6423159 ]]\n",
      "cam_pt:[[-0.0696591 ]\n",
      " [-0.11100078]\n",
      " [ 0.45895626]]\n",
      "cam_distance: 0.47729907829987794\n",
      "Rogrigeus [[-0.13445687 -0.98312083  0.12407573]\n",
      " [ 0.65983095  0.00458917  0.75140006]\n",
      " [-0.73928645  0.18289991  0.64807651]]\n",
      "cam_pt:[[-0.0688572 ]\n",
      " [-0.11260499]\n",
      " [ 0.45882751]]\n",
      "cam_distance: 0.4774346838849593\n",
      "Rogrigeus [[-0.12899841 -0.98375637  0.12483117]\n",
      " [ 0.67040932  0.00624001  0.74196524]\n",
      " [-0.73069197  0.17940032  0.65871448]]\n",
      "cam_pt:[[-0.06794798]\n",
      " [-0.11425964]\n",
      " [ 0.45843834]]\n",
      "cam_distance: 0.4773236905453932\n",
      "Rogrigeus [[-0.12236489 -0.98435565  0.12677064]\n",
      " [ 0.68157181  0.00950498  0.7316895 ]\n",
      " [-0.72144764  0.1759364   0.66974599]]\n",
      "cam_pt:[[-0.06693189]\n",
      " [-0.11592296]\n",
      " [ 0.4578905 ]]\n",
      "cam_distance: 0.47705526109804397\n",
      "Rogrigeus [[-0.11354556 -0.98554672  0.12571819]\n",
      " [ 0.6912081   0.01253487  0.72254705]\n",
      " [-0.71367974  0.16893944  0.6797946 ]]\n",
      "cam_pt:[[-0.06590507]\n",
      " [-0.1175249 ]\n",
      " [ 0.45765215]]\n",
      "cam_distance: 0.47707553474954933\n",
      "Rogrigeus [[-0.10563348 -0.98634828  0.12632752]\n",
      " [ 0.70009995  0.01645016  0.71385534]\n",
      " [-0.7061881   0.16384892  0.68880469]]\n",
      "cam_pt:[[-0.06475232]\n",
      " [-0.11949952]\n",
      " [ 0.45707387]]\n",
      "cam_distance: 0.4768537730374708\n",
      "Rogrigeus [[-0.09842081 -0.9866046   0.13009497]\n",
      " [ 0.70670323  0.02274631  0.70714436]\n",
      " [-0.70063106  0.16153626  0.69499795]]\n",
      "cam_pt:[[-0.06367172]\n",
      " [-0.12177543]\n",
      " [ 0.45624023]]\n",
      "cam_distance: 0.47648556226132666\n",
      "Rogrigeus [[-0.09246998 -0.9862503   0.13696587]\n",
      " [ 0.71120419  0.03085141  0.70230819]\n",
      " [-0.69687725  0.16235312  0.69857251]]\n",
      "cam_pt:[[-0.06274887]\n",
      " [-0.12427271]\n",
      " [ 0.45518007]]\n",
      "cam_distance: 0.47599372709060545\n",
      "Rogrigeus [[-0.0881629  -0.98545828  0.1452559 ]\n",
      " [ 0.71519516  0.03887743  0.69784269]\n",
      " [-0.69334204  0.16541016  0.70136745]]\n",
      "cam_pt:[[-0.06196202]\n",
      " [-0.12687391]\n",
      " [ 0.45409633]]\n",
      "cam_distance: 0.47554154332779197\n",
      "Rogrigeus [[-0.08569279 -0.98465059  0.1520525 ]\n",
      " [ 0.72049942  0.04416388  0.69204778]\n",
      " [-0.68814048  0.16885725  0.70565566]]\n",
      "cam_pt:[[-0.06119745]\n",
      " [-0.12938696]\n",
      " [ 0.45293509]]\n",
      "cam_distance: 0.4750119002644016\n",
      "Rogrigeus [[-0.0843731  -0.98382844  0.15799615]\n",
      " [ 0.72646069  0.04779246  0.68554412]\n",
      " [-0.68200883  0.17261948  0.71068029]]\n",
      "cam_pt:[[-0.06054657]\n",
      " [-0.13195122]\n",
      " [ 0.45166143]]\n",
      "cam_distance: 0.47442076548549894\n",
      "Rogrigeus [[-0.08445523 -0.98211125  0.16829977]\n",
      " [ 0.73143704  0.05359518  0.67979953]\n",
      " [-0.67665882  0.18051331  0.71382616]]\n",
      "cam_pt:[[-0.06007   ]\n",
      " [-0.13436598]\n",
      " [ 0.44993425]]\n",
      "cam_distance: 0.4733956593865531\n",
      "Rogrigeus [[-0.08565322 -0.9797426   0.18101925]\n",
      " [ 0.73747768  0.05981919  0.67271713]\n",
      " [-0.66991805  0.19111804  0.71741459]]\n",
      "cam_pt:[[-0.0598225 ]\n",
      " [-0.13646237]\n",
      " [ 0.44825194]]\n",
      "cam_distance: 0.4723669240792278\n",
      "Rogrigeus [[-0.08697808 -0.97830168  0.18804426]\n",
      " [ 0.74626142  0.06106101  0.66284648]\n",
      " [-0.65994599  0.19798329  0.72475783]]\n",
      "cam_pt:[[-0.05950849]\n",
      " [-0.13828605]\n",
      " [ 0.44658993]]\n",
      "cam_distance: 0.4712821386827051\n",
      "Rogrigeus [[-0.08939286 -0.97693267  0.19393678]\n",
      " [ 0.75407446  0.06082232  0.65396663]\n",
      " [-0.65067705  0.20470272  0.7312429 ]]\n",
      "cam_pt:[[-0.05904563]\n",
      " [-0.1396125 ]\n",
      " [ 0.44484327]]\n",
      "cam_distance: 0.46996123947076995\n",
      "Rogrigeus [[-0.09341914 -0.97498941  0.20166436]\n",
      " [ 0.76254314  0.06016744  0.6441334 ]\n",
      " [-0.64015687  0.21395217  0.7378507 ]]\n",
      "cam_pt:[[-0.05867713]\n",
      " [-0.14046849]\n",
      " [ 0.44300522]]\n",
      "cam_distance: 0.468431451517721\n",
      "Rogrigeus [[-0.09893059 -0.97320689  0.20755982]\n",
      " [ 0.77114158  0.05685164  0.6341203 ]\n",
      " [-0.62893037  0.2227919   0.74485593]]\n",
      "cam_pt:[[-0.05831027]\n",
      " [-0.1409598 ]\n",
      " [ 0.44172696]]\n",
      "cam_distance: 0.467324793483315\n",
      "Rogrigeus [[-0.10358207 -0.97257372  0.20825731]\n",
      " [ 0.7789802   0.05086373  0.62498218]\n",
      " [-0.61843399  0.22696527  0.7523471 ]]\n",
      "cam_pt:[[-0.0576868 ]\n",
      " [-0.14108468]\n",
      " [ 0.44064347]]\n",
      "cam_distance: 0.46626100192433795\n",
      "Rogrigeus [[-0.10712626 -0.9717213   0.21043214]\n",
      " [ 0.78515385  0.04716547  0.61750211]\n",
      " [-0.60996508  0.2313723   0.75789805]]\n",
      "cam_pt:[[-0.05706534]\n",
      " [-0.14092291]\n",
      " [ 0.43953873]]\n",
      "cam_distance: 0.4650914033033741\n",
      "Rogrigeus [[-0.10857384 -0.97054947  0.21504753]\n",
      " [ 0.79002829  0.04705982  0.61126155]\n",
      " [-0.60337967  0.23626064  0.76165207]]\n",
      "cam_pt:[[-0.05658053]\n",
      " [-0.14101755]\n",
      " [ 0.43878253]]\n",
      "cam_distance: 0.4643462260601675\n",
      "Rogrigeus [[-0.1034251  -0.96831544  0.22730697]\n",
      " [ 0.79655239  0.05622524  0.60194934]\n",
      " [-0.59565723  0.24331858  0.76549888]]\n",
      "cam_pt:[[-0.05512135]\n",
      " [-0.14093639]\n",
      " [ 0.43614883]]\n",
      "cam_distance: 0.46165704587033035\n",
      "Rogrigeus [[-0.09907668 -0.96759874  0.2322423 ]\n",
      " [ 0.80260875  0.06025785  0.59345445]\n",
      " [-0.5882202   0.2451972   0.77063307]]\n",
      "cam_pt:[[-0.05426941]\n",
      " [-0.14050268]\n",
      " [ 0.43469246]]\n",
      "cam_distance: 0.46004749905399955\n",
      "Rogrigeus [[-0.09480087 -0.96723902  0.23550261]\n",
      " [ 0.81115128  0.06208837  0.58153128]\n",
      " [-0.57710172  0.24615791  0.77869114]]\n",
      "cam_pt:[[-0.05342991]\n",
      " [-0.13980477]\n",
      " [ 0.43329659]]\n",
      "cam_distance: 0.4584169135887495\n",
      "Rogrigeus [[-0.09480087 -0.96723902  0.23550261]\n",
      " [ 0.81115128  0.06208837  0.58153128]\n",
      " [-0.57710172  0.24615791  0.77869114]]\n",
      "cam_pt:[[-0.05342991]\n",
      " [-0.13980477]\n",
      " [ 0.43329659]]\n",
      "cam_distance: 0.4584169135887495\n",
      "Rogrigeus [[-0.09069165 -0.96645427  0.24029394]\n",
      " [ 0.81956824  0.06464549  0.56932316]\n",
      " [-0.56575871  0.24857014  0.78621242]]\n",
      "cam_pt:[[-0.05281939]\n",
      " [-0.13915902]\n",
      " [ 0.43225345]]\n",
      "cam_distance: 0.45716317177942856\n",
      "Rogrigeus [[-0.08680005 -0.96586282  0.24407942]\n",
      " [ 0.82542252  0.06745539  0.56047072]\n",
      " [-0.5578023   0.25011754  0.79138979]]\n",
      "cam_pt:[[-0.0521907 ]\n",
      " [-0.13868407]\n",
      " [ 0.4315343 ]]\n",
      "cam_distance: 0.4562663606591197\n",
      "Rogrigeus [[-0.08353701 -0.96583826  0.24531211]\n",
      " [ 0.82801284  0.06969322  0.55636103]\n",
      " [-0.55445135  0.24959831  0.79390451]]\n",
      "cam_pt:[[-0.05143238]\n",
      " [-0.13852926]\n",
      " [ 0.43092991]]\n",
      "cam_distance: 0.45556144486405653\n",
      "Rogrigeus [[-0.08264204 -0.96523308  0.24798265]\n",
      " [ 0.82917597  0.07144148  0.55440358]\n",
      " [-0.55284492  0.25143829  0.79444401]]\n",
      "cam_pt:[[-0.05067382]\n",
      " [-0.13855477]\n",
      " [ 0.43020769]]\n",
      "cam_distance: 0.45480096778744966\n",
      "Rogrigeus [[-0.08338087 -0.9638387   0.25310591]\n",
      " [ 0.83152283  0.07268442  0.55071476]\n",
      " [-0.54919706  0.25638242  0.79539339]]\n",
      "cam_pt:[[-0.05011801]\n",
      " [-0.13874499]\n",
      " [ 0.429439  ]]\n",
      "cam_distance: 0.4540703039369907\n",
      "Rogrigeus [[-0.08418745 -0.9625816   0.25758325]\n",
      " [ 0.8357352   0.07256379  0.54431715]\n",
      " [-0.5426409   0.26109606  0.79835437]]\n",
      "cam_pt:[[-0.04970403]\n",
      " [-0.13909304]\n",
      " [ 0.42879925]]\n",
      "cam_distance: 0.4535263619182006\n",
      "Rogrigeus [[-0.08405255 -0.961583    0.26132989]\n",
      " [ 0.84081023  0.07230359  0.53647959]\n",
      " [-0.53476474  0.26482132  0.80243152]]\n",
      "cam_pt:[[-0.04929099]\n",
      " [-0.13950236]\n",
      " [ 0.42811267]]\n",
      "cam_distance: 0.45295802141856656\n",
      "Rogrigeus [[-0.08269919 -0.9600401   0.26736464]\n",
      " [ 0.84629432  0.07401767  0.5275484 ]\n",
      " [-0.52625733  0.269897    0.80635528]]\n",
      "cam_pt:[[-0.04891955]\n",
      " [-0.1398901 ]\n",
      " [ 0.42710064]]\n",
      "cam_distance: 0.45208110210206703\n",
      "Rogrigeus [[-0.07689134 -0.95720064  0.27902446]\n",
      " [ 0.85846634  0.07876803  0.5067851 ]\n",
      " [-0.50707323  0.27850049  0.81566796]]\n",
      "cam_pt:[[-0.04802494]\n",
      " [-0.14052221]\n",
      " [ 0.42484484]]\n",
      "cam_distance: 0.4500511352622302\n",
      "Rogrigeus [[-0.07262975 -0.95709561  0.28052258]\n",
      " [ 0.86276726  0.08081379  0.49910098]\n",
      " [-0.50035744  0.27827528  0.81988127]]\n",
      "cam_pt:[[-0.04722052]\n",
      " [-0.14072578]\n",
      " [ 0.42357254]]\n",
      "cam_distance: 0.4488287227067544\n",
      "Rogrigeus [[-0.06844317 -0.95712393  0.28147703]\n",
      " [ 0.86510618  0.0835848   0.49457546]\n",
      " [-0.4968972   0.27735783  0.82229302]]\n",
      "cam_pt:[[-0.04621438]\n",
      " [-0.14085549]\n",
      " [ 0.42195907]]\n",
      "cam_distance: 0.4472420996764619\n",
      "Rogrigeus [[-0.064947   -0.95673929  0.28360504]\n",
      " [ 0.86638727  0.0869535   0.49174402]\n",
      " [-0.49513128  0.2776491   0.82325937]]\n",
      "cam_pt:[[-0.04524312]\n",
      " [-0.14089096]\n",
      " [ 0.42017653]]\n",
      "cam_distance: 0.4454722376003041\n",
      "Rogrigeus [[-0.06278845 -0.9566028   0.28454997]\n",
      " [ 0.86779111  0.08849411  0.48898607]\n",
      " [-0.49294644  0.27763261  0.824575  ]]\n",
      "cam_pt:[[-0.04429092]\n",
      " [-0.14086212]\n",
      " [ 0.41845552]]\n",
      "cam_distance: 0.4437441183872251\n",
      "Rogrigeus [[-0.06196803 -0.95670937  0.28437149]\n",
      " [ 0.86947468  0.08815479  0.48604785]\n",
      " [-0.49007524  0.27737324  0.8263718 ]]\n",
      "cam_pt:[[-0.04330927]\n",
      " [-0.1406725 ]\n",
      " [ 0.41657497]]\n",
      "cam_distance: 0.4418134794119469\n",
      "Rogrigeus [[-0.06245347 -0.95628435  0.2856918 ]\n",
      " [ 0.87131814  0.08735699  0.48288038]\n",
      " [-0.48672812  0.279086    0.82777215]]\n",
      "cam_pt:[[-0.04249132]\n",
      " [-0.1403317 ]\n",
      " [ 0.41468172]]\n",
      "cam_distance: 0.4398402304351388\n",
      "Rogrigeus [[-0.06400073 -0.9551765   0.28903592]\n",
      " [ 0.87372128  0.08631381  0.47870769]\n",
      " [-0.48219812  0.28317447  0.82903389]]\n",
      "cam_pt:[[-0.04187703]\n",
      " [-0.13981863]\n",
      " [ 0.41269788]]\n",
      "cam_distance: 0.43774704143512044\n",
      "Rogrigeus [[-0.0661373  -0.95445605  0.29092871]\n",
      " [ 0.87692598  0.08350674  0.47331538]\n",
      " [-0.47605323  0.28642674  0.8314644 ]]\n",
      "cam_pt:[[-0.04141784]\n",
      " [-0.1392206 ]\n",
      " [ 0.41109327]]\n",
      "cam_distance: 0.4359994180038355\n",
      "Rogrigeus [[-0.0679032  -0.95359424  0.29333799]\n",
      " [ 0.88039397  0.08104645  0.46726644]\n",
      " [-0.46935659  0.28998189  0.83403531]]\n",
      "cam_pt:[[-0.04118503]\n",
      " [-0.13869398]\n",
      " [ 0.40960874]]\n",
      "cam_distance: 0.43440942169905494\n",
      "Rogrigeus [[-0.0688418  -0.95227965  0.29736219]\n",
      " [ 0.88267935  0.08076284  0.46298437]\n",
      " [-0.46490641  0.29434814  0.83499773]]\n",
      "cam_pt:[[-0.04114601]\n",
      " [-0.13838557]\n",
      " [ 0.40829039]]\n",
      "cam_distance: 0.4330641968473204\n",
      "Rogrigeus [[-0.0688418  -0.95227965  0.29736219]\n",
      " [ 0.88267935  0.08076284  0.46298437]\n",
